530,3
530,2
530,1
530,0
529,3
529,2
529,1
529,0
528,4
528,3
528,2
528,1
528,0
527,3
527,2
527,1
527,0
526,4
526,3
526,2
526,1
526,0
525,3
525,2
525,1
525,0
524,3
524,2
524,1
524,0
523,3
523,2
523,1
523,0
522,3
522,2
522,1
522,0
521,4
521,3
521,2
521,1
521,0
520,4
520,3
520,2
520,1
520,0
519,6
519,5
519,4
519,3
519,2
519,1
519,0
518,6
518,5
518,4
518,3
518,2
518,1
518,0
517,6
517,5
517,4
517,3
517,2
517,1
517,0
516,4
516,3
516,2
516,1
516,0
515,3
515,2
515,1
515,0
514,3
514,2
514,1
514,0
513,4
513,3
513,2
513,1
513,0
512,4
512,3
512,2
512,1
512,0
511,4
511,3
511,2
511,1
511,0
510,4
510,3
510,2
510,1
510,0
509,4
509,3
509,2
509,1
509,0
508,4
508,3
508,2
508,1
508,0
507,4
507,3
507,2
507,1
507,0
506,3
506,2
506,1
506,0
505,4
505,3
505,2
505,1
505,0
504,3
504,2
504,1
504,0
503,3
503,2
503,1
503,0
502,5
502,4
502,3
502,2
502,1
502,0
501,3
501,2
501,1
501,0
500,4
500,3
500,2
500,1
500,0
499,3
499,2
499,1
499,0
498,3
498,2
498,1
498,0
497,4
497,3
497,2
497,1
497,0
496,3
496,2
496,1
496,0
495,4
495,3
495,2
495,1
495,0
494,3
494,2
494,1
494,0
493,3
493,2
493,1
493,0
492,3
492,2
492,1
492,0
491,3
491,2
491,1
491,0
490,3
490,2
490,1
490,0
489,4
489,3
489,2
489,1
489,0
488,4
488,3
488,2
488,1
488,0
487,6
487,5
487,4
487,3
487,2
487,1
487,0
486,6
486,5
486,4
486,3
486,2
486,1
486,0
485,6
485,5
485,4
485,3
485,2
485,1
485,0
484,4
484,3
484,2
484,1
484,0
483,3
483,2
483,1
483,0
482,3
482,2
482,1
482,0
481,4
481,3
481,2
481,1
481,0
480,4
480,3
480,2
480,1
480,0
479,4
479,3
479,2
479,1
479,0
478,4
478,3
478,2
478,1
478,0
477,4
477,3
477,2
477,1
477,0
476,4
476,3
476,2
476,1
476,0
475,4
475,3
475,2
475,1
475,0
474,3
474,2
474,1
474,0
473,4
473,3
473,2
473,1
473,0
472,3
472,2
472,1
472,0
471,3
471,2
471,1
471,0
470,5
470,4
470,3
470,2
470,1
470,0
469,3
469,2
469,1
469,0
468,4
468,3
468,2
468,1
468,0
467,3
467,2
467,1
467,0
466,3
466,2
466,1
466,0
465,3
465,2
465,1
465,0
464,3
464,2
464,1
464,0
463,3
463,2
463,1
463,0
462,3
462,2
462,1
462,0
461,4
461,3
461,2
461,1
461,0
460,4
460,3
460,2
460,1
460,0
459,6
459,5
459,4
459,3
459,2
459,1
459,0
458,6
458,5
458,4
458,3
458,2
458,1
458,0
457,6
457,5
457,4
457,3
457,2
457,1
457,0
456,4
456,3
456,2
456,1
456,0
455,3
455,2
455,1
455,0
454,3
454,2
454,1
454,0
453,4
453,3
453,2
453,1
453,0
452,4
452,3
452,2
452,1
452,0
451,4
451,3
451,2
451,1
451,0
450,4
450,3
450,2
450,1
450,0
449,4
449,3
449,2
449,1
449,0
448,4
448,3
448,2
448,1
448,0
447,4
447,3
447,2
447,1
447,0
446,3
446,2
446,1
446,0
445,4
445,3
445,2
445,1
445,0
444,3
444,2
444,1
444,0
443,3
443,2
443,1
443,0
442,5
442,4
442,3
442,2
442,1
442,0
441,3
441,2
441,1
441,0
440,4
440,3
440,2
440,1
440,0
439,3
439,2
439,1
439,0
438,4
438,3
438,2
438,1
438,0
437,3
437,2
437,1
437,0
436,3
436,2
436,1
436,0
435,3
435,2
435,1
435,0
434,3
434,2
434,1
434,0
433,3
433,2
433,1
433,0
432,4
432,3
432,2
432,1
432,0
431,4
431,3
431,2
431,1
431,0
430,6
430,5
430,4
430,3
430,2
430,1
430,0
429,6
429,5
429,4
429,3
429,2
429,1
429,0
428,6
428,5
428,4
428,3
428,2
428,1
428,0
427,4
427,3
427,2
427,1
427,0
426,3
426,2
426,1
426,0
425,3
425,2
425,1
425,0
424,4
424,3
424,2
424,1
424,0
423,4
423,3
423,2
423,1
423,0
422,4
422,3
422,2
422,1
422,0
421,4
421,3
421,2
421,1
421,0
420,4
420,3
420,2
420,1
420,0
419,4
419,3
419,2
419,1
419,0
418,4
418,3
418,2
418,1
418,0
417,3
417,2
417,1
417,0
416,4
416,3
416,2
416,1
416,0
415,3
415,2
415,1
415,0
414,3
414,2
414,1
414,0
413,5
413,4
413,3
413,2
413,1
413,0
412,3
412,2
412,1
412,0
411,4
411,3
411,2
411,1
411,0
410,3
410,2
410,1
410,0
409,4
409,3
409,2
409,1
409,0
408,3
408,2
408,1
408,0
407,3
407,2
407,1
407,0
406,3
406,2
406,1
406,0
405,3
405,2
405,1
405,0
404,3
404,2
404,1
404,0
403,4
403,3
403,2
403,1
403,0
402,4
402,3
402,2
402,1
402,0
401,6
401,5
401,4
401,3
401,2
401,1
401,0
400,6
400,5
400,4
400,3
400,2
400,1
400,0
399,6
399,5
399,4
399,3
399,2
399,1
399,0
398,4
398,3
398,2
398,1
398,0
397,3
397,2
397,1
397,0
396,3
396,2
396,1
396,0
395,4
395,3
395,2
395,1
395,0
394,4
394,3
394,2
394,1
394,0
393,4
393,3
393,2
393,1
393,0
392,4
392,3
392,2
392,1
392,0
391,4
391,3
391,2
391,1
391,0
390,4
390,3
390,2
390,1
390,0
389,4
389,3
389,2
389,1
389,0
388,3
388,2
388,1
388,0
387,4
387,3
387,2
387,1
387,0
386,3
386,2
386,1
386,0
385,3
385,2
385,1
385,0
384,5
384,4
384,3
384,2
384,1
384,0
383,3
383,2
383,1
383,0
382,4
382,3
382,2
382,1
382,0
381,3
381,2
381,1
381,0
380,3
380,2
380,1
380,0
379,4
379,3
379,2
379,1
379,0
378,3
378,2
378,1
378,0
377,3
377,2
377,1
377,0
376,3
376,2
376,1
376,0
375,3
375,2
375,1
375,0
374,3
374,2
374,1
374,0
373,4
373,3
373,2
373,1
373,0
372,4
372,3
372,2
372,1
372,0
371,6
371,5
371,4
371,3
371,2
371,1
371,0
370,6
370,5
370,4
370,3
370,2
370,1
370,0
369,6
369,5
369,4
369,3
369,2
369,1
369,0
368,4
368,3
368,2
368,1
368,0
367,3
367,2
367,1
367,0
366,3
366,2
366,1
366,0
365,4
365,3
365,2
365,1
365,0
364,4
364,3
364,2
364,1
364,0
363,4
363,3
363,2
363,1
363,0
362,4
362,3
362,2
362,1
362,0
361,4
361,3
361,2
361,1
361,0
360,4
360,3
360,2
360,1
360,0
359,4
359,3
359,2
359,1
359,0
358,3
358,2
358,1
358,0
357,4
357,3
357,2
357,1
357,0
356,3
356,2
356,1
356,0
355,3
355,2
355,1
355,0
354,5
354,4
354,3
354,2
354,1
354,0
353,3
353,2
353,1
353,0
352,4
352,3
352,2
352,1
352,0
351,3
351,2
351,1
351,0
350,4
350,3
350,2
350,1
350,0
349,3
349,2
349,1
349,0
348,3
348,2
348,1
348,0
347,3
347,2
347,1
347,0
346,3
346,2
346,1
346,0
345,3
345,2
345,1
345,0
344,3
344,2
344,1
344,0
343,3
343,2
343,1
343,0
342,4
342,3
342,2
342,1
342,0
341,4
341,3
341,2
341,1
341,0
340,6
340,5
340,4
340,3
340,2
340,1
340,0
339,6
339,5
339,4
339,3
339,2
339,1
339,0
338,6
338,5
338,4
338,3
338,2
338,1
338,0
337,4
337,3
337,2
337,1
337,0
336,3
336,2
336,1
336,0
335,3
335,2
335,1
335,0
334,4
334,3
334,2
334,1
334,0
333,4
333,3
333,2
333,1
333,0
332,4
332,3
332,2
332,1
332,0
331,4
331,3
331,2
331,1
331,0
330,4
330,3
330,2
330,1
330,0
329,4
329,3
329,2
329,1
329,0
328,4
328,3
328,2
328,1
328,0
327,3
327,2
327,1
327,0
326,4
326,3
326,2
326,1
326,0
325,3
325,2
325,1
325,0
324,3
324,2
324,1
324,0
323,5
323,4
323,3
323,2
323,1
323,0
322,3
322,2
322,1
322,0
321,4
321,3
321,2
321,1
321,0
320,3
320,2
320,1
320,0
319,4
319,3
319,2
319,1
319,0
318,3
318,2
318,1
318,0
317,3
317,2
317,1
317,0
316,3
316,2
316,1
316,0
315,3
315,2
315,1
315,0
314,3
314,2
314,1
314,0
313,3
313,2
313,1
313,0
312,3
312,2
312,1
312,0
311,4
311,3
311,2
311,1
311,0
310,4
310,3
310,2
310,1
310,0
309,6
309,5
309,4
309,3
309,2
309,1
309,0
308,6
308,5
308,4
308,3
308,2
308,1
308,0
307,6
307,5
307,4
307,3
307,2
307,1
307,0
306,4
306,3
306,2
306,1
306,0
305,3
305,2
305,1
305,0
304,3
304,2
304,1
304,0
303,4
303,3
303,2
303,1
303,0
302,4
302,3
302,2
302,1
302,0
301,4
301,3
301,2
301,1
301,0
300,4
300,3
300,2
300,1
300,0
299,4
299,3
299,2
299,1
299,0
298,4
298,3
298,2
298,1
298,0
297,4
297,3
297,2
297,1
297,0
296,3
296,2
296,1
296,0
295,4
295,3
295,2
295,1
295,0
294,3
294,2
294,1
294,0
293,3
293,2
293,1
293,0
292,5
292,4
292,3
292,2
292,1
292,0
291,3
291,2
291,1
291,0
290,4
290,3
290,2
290,1
290,0
289,3
289,2
289,1
289,0
288,4
288,3
288,2
288,1
288,0
287,3
287,2
287,1
287,0
286,3
286,2
286,1
286,0
285,3
285,2
285,1
285,0
284,3
284,2
284,1
284,0
283,3
283,2
283,1
283,0
282,3
282,2
282,1
282,0
281,3
281,2
281,1
281,0
280,4
280,3
280,2
280,1
280,0
279,4
279,3
279,2
279,1
279,0
278,6
278,5
278,4
278,3
278,2
278,1
278,0
277,6
277,5
277,4
277,3
277,2
277,1
277,0
276,6
276,5
276,4
276,3
276,2
276,1
276,0
275,4
275,3
275,2
275,1
275,0
274,3
274,2
274,1
274,0
273,3
273,2
273,1
273,0
272,4
272,3
272,2
272,1
272,0
271,4
271,3
271,2
271,1
271,0
270,4
270,3
270,2
270,1
270,0
269,4
269,3
269,2
269,1
269,0
268,4
268,3
268,2
268,1
268,0
267,4
267,3
267,2
267,1
267,0
266,4
266,3
266,2
266,1
266,0
265,3
265,2
265,1
265,0
264,4
264,3
264,2
264,1
264,0
263,3
263,2
263,1
263,0
262,3
262,2
262,1
262,0
261,5
261,4
261,3
261,2
261,1
261,0
260,3
260,2
260,1
260,0
259,4
259,3
259,2
259,1
259,0
258,3
258,2
258,1
258,0
257,3
257,2
257,1
257,0
256,3
256,2
256,1
256,0
255,3
255,2
255,1
255,0
254,3
254,2
254,1
254,0
253,3
253,2
253,1
253,0
252,3
252,2
252,1
252,0
251,4
251,3
251,2
251,1
251,0
250,4
250,3
250,2
250,1
250,0
249,6
249,5
249,4
249,3
249,2
249,1
249,0
248,6
248,5
248,4
248,3
248,2
248,1
248,0
247,6
247,5
247,4
247,3
247,2
247,1
247,0
246,4
246,3
246,2
246,1
246,0
245,3
245,2
245,1
245,0
244,3
244,2
244,1
244,0
243,4
243,3
243,2
243,1
243,0
242,4
242,3
242,2
242,1
242,0
241,4
241,3
241,2
241,1
241,0
240,4
240,3
240,2
240,1
240,0
239,4
239,3
239,2
239,1
239,0
238,4
238,3
238,2
238,1
238,0
237,4
237,3
237,2
237,1
237,0
236,3
236,2
236,1
236,0
235,4
235,3
235,2
235,1
235,0
234,3
234,2
234,1
234,0
233,3
233,2
233,1
233,0
232,5
232,4
232,3
232,2
232,1
232,0
231,3
231,2
231,1
231,0
230,4
230,3
230,2
230,1
230,0
229,3
229,2
229,1
229,0
228,3
228,2
228,1
228,0
227,3
227,2
227,1
227,0
226,3
226,2
226,1
226,0
225,3
225,2
225,1
225,0
224,3
224,2
224,1
224,0
223,4
223,3
223,2
223,1
223,0
222,4
222,3
222,2
222,1
222,0
221,6
221,5
221,4
221,3
221,2
221,1
221,0
220,6
220,5
220,4
220,3
220,2
220,1
220,0
219,6
219,5
219,4
219,3
219,2
219,1
219,0
218,4
218,3
218,2
218,1
218,0
217,3
217,2
217,1
217,0
216,3
216,2
216,1
216,0
215,4
215,3
215,2
215,1
215,0
214,4
214,3
214,2
214,1
214,0
213,4
213,3
213,2
213,1
213,0
212,4
212,3
212,2
212,1
212,0
211,4
211,3
211,2
211,1
211,0
210,4
210,3
210,2
210,1
210,0
209,4
209,3
209,2
209,1
209,0
208,3
208,2
208,1
208,0
207,4
207,3
207,2
207,1
207,0
206,3
206,2
206,1
206,0
205,3
205,2
205,1
205,0
204,5
204,4
204,3
204,2
204,1
204,0
203,3
203,2
203,1
203,0
202,4
202,3
202,2
202,1
202,0
201,3
201,2
201,1
201,0
0,310
0,305
0,308
0,307
0,302
0,304
0,303
0,12
0,10
0,8
0,0
0,414
0,415
0,300
0,413
0,412
0,299
0,555
0,532
0,298
0,531
0,411
0,297
0,533
0,410
0,296
0,562
0,409
0,295
0,561
0,554
0,294
0,553
0,407
0,293
0,493
0,535
0,292
0,492
0,405
0,291
0,564
0,404
0,290
0,574
0,552
0,289
0,491
0,288
0,490
0,403
0,287
0,489
0,402
0,286
0,530
0,401
0,285
0,551
0,540
0,284
0,567
0,398
0,283
0,488
0,534
0,282
0,487
0,397
0,281
0,486
0,280
0,395
0,394
0,279
0,393
0,278
0,391
0,467
0,277
0,521
0,388
0,276
0,550
0,529
0,275
0,387
0,274
0,484
0,386
0,273
0,421
0,385
0,272
0,482
0,481
0,271
0,528
0,384
0,270
0,527
0,383
0,269
0,549
0,376
0,268
0,480
0,381
0,267
0,526
0,538
0,266
0,525
0,524
0,265
0,375
0,380
0,264
0,477
0,379
0,263
0,432
0,378
0,262
0,475
0,474
0,261
0,419
0,377
0,260
0,547
0,572
0,259
0,473
0,368
0,258
0,374
0,257
0,523
0,428
0,256
0,522
0,471
0,255
0,350
0,373
0,254
0,470
0,372
0,253
0,361
0,371
0,252
0,520
0,468
0,251
0,571
0,370
0,250
0,466
0,369
0,249
0,519
0,345
0,248
0,518
0,367
0,247
0,560
0,516
0,246
0,546
0,512
0,245
0,464
0,366
0,244
0,563
0,365
0,242
2,1
0,322
177,0
0,392
0,396
0,408
177,5
0,454
1,3
1,1
0,469
0,476
0,479
0,485
0,501
0,503
0,507
0,509
0,510
0,543
0,548
0,565
2,2
2,5
3,1
3,3
174,1
174,2
176,0
176,2
176,3
177,4
178,0
178,2
178,3
179,1
179,3
180,0
180,2
180,3
181,0
181,2
181,3
182,1
182,2
182,4
183,1
183,2
183,4
184,0
184,2
184,3
186,0
186,2
186,3
188,0
188,1
188,3
191,0
191,1
191,3
191,4
194,1
194,2
194,4
194,6
196,0
196,2
196,3
197,0
197,2
197,3
198,1
198,2
199,0
199,1
199,3
200,1
200,2
200,3
200,0
199,2
198,3
198,0
197,1
196,4
196,1
194,5
194,3
194,0
191,2
188,4
188,2
186,4
186,1
184,4
184,1
183,3
183,0
182,3
182,0
181,1
180,4
180,1
179,2
179,0
178,1
177,2
176,1
174,3
174,0
3,0
2,4
0,559
0,511
0,508
0,505
0,494
0,478
0,472
0,465
1,0
177,1
177,3
0,389
2,3
0,243
2,0
0,9
0,390
0,364
0,241
0,462
0,363
0,240
0,515
0,450
0,239
0,460
0,362
0,238
0,459
0,334
0,237
0,514
0,360
0,236
0,446
0,359
0,235
0,545
0,234
0,513
0,458
0,233
0,457
0,358
0,232
0,517
0,357
0,231
0,427
0,356
0,230
0,444
0,355
0,229
0,354
0,228
0,422
0,353
0,227
0,558
0,455
0,226
0,431
0,352
0,225
0,453
0,351
0,224
0,506
0,430
0,223
0,544
0,349
0,222
0,452
0,221
0,557
0,451
0,220
0,566
0,348
0,219
0,504
0,347
0,218
0,346
0,217
0,502
0,570
0,216
0,449
0,344
0,215
0,343
0,214
0,500
0,342
0,213
0,416
0,341
0,212
0,542
0,340
0,211
0,339
0,210
0,447
0,338
0,209
0,440
0,337
0,208
0,448
0,336
0,207
0,445
0,569
0,206
0,443
0,335
0,205
0,442
0,406
0,204
0,441
0,333
0,203
0,400
0,332
0,202
0,439
0,438
0,201
0,318
0,499
0,200
0,539
0,331
0,199
0,437
0,330
0,198
0,436
0,329
0,197
0,498
0,328
0,196
0,497
0,434
0,195
0,556
0,433
0,194
0,435
0,327
0,193
0,483
0,326
0,192
0,382
0,325
0,63
0,324
0,62
0,429
0,323
0,61
0,399
0,321
0,60
0,426
0,59
0,496
0,320
0,58
0,425
0,319
0,57
0,424
0,575
0,56
0,463
0,317
0,55
0,495
0,54
0,537
0,423
0,53
0,461
0,316
0,52
0,536
0,315
0,51
0,573
0,314
0,50
0,420
0,313
0,49
0,456
0,312
0,48
0,568
0,311
0,47
0,418
0,309
0,46
0,417
0,306
0,45
0,541
0,301
0,6
0,5
0,1
0,11
0,4
0,2
0,3
0,7
